%%MatrixMarket matrix coordinate real general
%
12 12 112
1 1 126.9666117361006
1 5 1.523905046543016
1 7 1.147629848985795
1 8 2.366888321212752
1 9 0.9072809603593949
1 10 17.85519950541466
1 11 0.5151839056532326
1 12 13.77387113936714
2 2 27.19947328167347
2 6 0.5786299401480672
2 7 0.7440000519906589
2 8 1.934088438647173
2 10 3.766851958594137
2 11 0.2296292484081396
3 3 20.7113118385612
3 4 0.9877616275851309
3 5 2.253199984122968
3 6 0.6598373415208397
3 8 0.8162528659555208
3 9 3.001823561317291
3 10 13.41793402496818
3 11 0.1836553695220232
4 3 0.9877616275851309
4 4 54.80711163927281
4 5 7.287028546315268
4 6 3.041252608551818
4 8 2.482541061142225
4 9 3.554687095128581
4 10 23.16565009291748
4 11 0.7165865822977748
4 12 3.132138684273012
5 1 1.523905046543016
5 3 2.253199984122968
5 4 7.287028546315268
5 5 100.4418437978847
5 6 0.2871569348361351
5 8 6.893477961946124
5 9 23.73694247786353
5 10 68.56889897913767
5 11 1.141342509200437
5 12 2.603944840673172
6 2 0.5786299401480672
6 3 0.6598373415208397
6 4 3.041252608551818
6 5 0.2871569348361351
6 6 22.37554872726472
6 7 1.893142426306542
6 8 5.467056248454054
6 9 3.054688147172845
6 10 13.43023975854998
6 11 1.937893562601594
6 12 0.2873878269442131
7 1 1.147629848985795
7 2 0.7440000519906589
7 6 1.893142426306542
7 7 6.308354796450044
7 8 2.476722987820625
7 10 4.362146420244707
7 12 0.7313938689956854
8 1 2.366888321212752
8 2 1.934088438647173
8 3 0.8162528659555208
8 4 2.482541061142225
8 5 6.893477961946124
8 6 5.467056248454054
8 7 2.476722987820625
8 8 54.0881784049776
8 9 17.66352435704608
8 10 23.41404871617573
8 11 2.741098833320459
8 12 6.517491850649647
9 1 0.9072809603593949
9 3 3.001823561317291
9 4 3.554687095128581
9 5 23.73694247786353
9 6 3.054688147172845
9 8 17.66352435704608
9 9 110.4128434233035
9 10 24.69981799504884
9 11 4.557894364462499
9 12 1.877251342411536
10 1 17.85519950541466
10 2 3.766851958594137
10 3 13.41793402496818
10 4 23.16565009291748
10 5 68.56889897913767
10 6 13.43023975854998
10 7 4.362146420244707
10 8 23.41404871617573
10 9 24.69981799504884
10 10 386.0332300105924
10 11 4.541026588543787
10 12 19.80184620923578
11 1 0.5151839056532326
11 2 0.2296292484081396
11 3 0.1836553695220232
11 4 0.7165865822977748
11 5 1.141342509200437
11 6 1.937893562601594
11 8 2.741098833320459
11 9 4.557894364462499
11 10 4.541026588543787
11 11 6.573138248274258
12 1 13.77387113936714
12 4 3.132138684273012
12 5 2.603944840673172
12 6 0.2873878269442131
12 7 0.7313938689956854
12 8 6.517491850649647
12 9 1.877251342411536
12 10 19.80184620923578
12 12 22.62246805847683
