%%MatrixMarket matrix coordinate real general
%
12 12 124
1 1 42.788417546476
1 2 0.5610994472755846
1 3 11.52223539585859
1 5 14.48579027235233
1 6 0.8048979466690411
1 7 1.108209950956465
1 8 0.7710722590076619
1 9 8.190180859469686
1 10 13.77136325394844
1 11 0.6396740684718694
1 12 8.04926280066335
2 1 0.5610994472755846
2 2 17.53009866365121
2 3 3.043659704549708
2 4 2.188905358943215
2 6 4.835897537197269
2 7 0.8269987529050719
2 9 4.463845492356707
2 10 1.226788545768561
2 12 2.887192597293096
3 1 11.52223539585859
3 2 3.043659704549708
3 3 69.35659765597967
3 4 2.9307268249287
3 5 19.7858672180857
3 6 9.276845429433726
3 7 3.691941940891994
3 8 2.832121228577221
3 9 16.54518107997595
3 10 20.07887885832249
3 11 8.034924034243918
3 12 1.744539506897564
4 2 2.188905358943215
4 3 2.9307268249287
4 4 50.83733713339269
4 5 24.40008549499868
4 6 2.392933818455459
4 7 0.5405703084845104
4 9 1.443454225706133
4 10 12.24346551085715
4 11 3.10852146578311
5 1 14.48579027235233
5 3 19.7858672180857
5 4 24.40008549499868
5 5 322.5177498633599
5 6 3.405366259247304
5 7 1.30411812822428
5 9 13.97882080430496
5 10 54.99715130703419
5 11 6.964955851556906
5 12 1.180636161119246
6 1 0.8048979466690411
6 2 4.835897537197269
6 3 9.276845429433726
6 4 2.392933818455459
6 5 3.405366259247304
6 6 22.80342775262107
6 7 2.675827564800277
6 8 0.1961572248633398
6 9 6.509909251485312
6 10 0.2075697219311861
6 11 8.202333033297426
6 12 1.626298933620955
7 1 1.108209950956465
7 2 0.8269987529050719
7 3 3.691941940891994
7 4 0.5405703084845104
7 5 1.30411812822428
7 6 2.675827564800277
7 7 9.832540616750061
7 9 1.726309403796624
7 10 2.420183819661231
7 11 0.454656048924046
8 1 0.7710722590076619
8 3 2.832121228577221
8 6 0.1961572248633398
8 8 19.64580836243177
8 9 1.973455488962083
8 10 0.8733960750083827
8 11 1.773424984348203
9 1 8.190180859469686
9 2 4.463845492356707
9 3 16.54518107997595
9 4 1.443454225706133
9 5 13.97882080430496
9 6 6.509909251485312
9 7 1.726309403796624
9 8 1.973455488962083
9 9 51.15617400108199
9 10 24.18276151961026
9 11 14.68475033807922
9 12 2.968854237356819
10 1 13.77136325394844
10 2 1.226788545768561
10 3 20.07887885832249
10 4 12.24346551085715
10 5 54.99715130703419
10 6 0.2075697219311861
10 7 2.420183819661231
10 8 0.8733960750083827
10 9 24.18276151961026
10 10 175.7907797111149
10 11 3.542702866141979
10 12 14.49009164653993
11 1 0.6396740684718694
11 3 8.034924034243918
11 4 3.10852146578311
11 5 6.964955851556906
11 6 8.202333033297426
11 7 0.454656048924046
11 8 1.773424984348203
11 9 14.68475033807922
11 10 3.542702866141979
11 11 63.32849260683592
11 12 2.643989392854002
12 1 8.04926280066335
12 2 2.887192597293096
12 3 1.744539506897564
12 5 1.180636161119246
12 6 1.626298933620955
12 9 2.968854237356819
12 10 14.49009164653993
12 11 2.643989392854002
12 12 35.59087358211047
